$ANSIBLE_VAULT;1.1;AES256
32653834623038376266393465343662646234346438313434343834623531353633643839353635
3230316664313634346663613361653137376464663065340a396230666638616434363331393231
65376632636530333134386237656162323863653734373233306662643232393030346566303431
6564646137356435350a353137613335313366333365396434623037356166643331343333363138
36616431626565633335306661633561653733376535393833306232643932646436646365633134
37393533323738323835356136616230376330313734326334376361666237666231306462636133
33343439316430323564336465336565623431336133333337656462383734346237313732323065
63343465343330356366373163356137646635393133363333323837623737643538303230373166
30346664653730643337653034626236653832343938643635643731626632316239666266326464
62323239373437663433613239393636623839333837646164346263646631666632383535306462
35316137383637303030323664666339346332623435393234386263613438333963313564336232
62396132643231666231326431626532353931313264373133343138666139373837663930393735
39326534316137313265303639656361396166643436623237653466306265363538373838313565
32336632333666653962366233356163353332393635353062666537623361613061323761646235
30336166393661663633393136653835616635366366353664373539306634396164383137626434
66393736666261373436383336323561396330373465613166313466663135336434396464643862
37653366653965393564346362303430373561623237366635373263303361656131666331326632
36396533303963653966353137613862336262633064623464343237366433333761623532636135
36383137626134633338656631396361613332323065396330643732636439366662313937386334
66303838396230313266333162306638626630626237663264313232386436306233643236326438
32373831376261393165366264386434633037663531343433653832323231383562613566613133
65323165623037366634373432323537346661613439356362326465393834333335663339616433
38643866316232363564393136636632343332363839613364343362663263306261646331373135
33613335373037353361646365616566303462376536633965663931393939336639393330383630
33663162396261666362653965393661323439623637353739396339383839393564663930636266
37303334633031333463396466643631646232376134373534353236313431393063383535626632
30326337373632653261386639323032623062303936373834386534356136643535333562623036
30373437643063626364336332313866623737386363623836376335616262666532313463383062
36306134333563623835346236333365396562613935333431323636376166666334396537373962
35633435666465316364336161353862663162376563396536613665646537303164663435323633
39333539626230353862653131386431366365666538303036323530626162626631393237643839
62643635306436653364666361633663383065306236363936633934616365353835633535383136
61383636346166633732313463663231366432613430653632633863353532376334633562636330
34393735393966663736633439306562386634313736616164663737643330346535653463363136
38663136353539303635316333353564383464363539326266636262306230643635323938613262
64316638343836316533666335333964383365643737633034626635623661383662336261353331
63663165636238353362623938363262343464393564636663666464646338643163363533313361
6436666564666337636464666432613933656137663830663134
